lokation,co2capita,co2country,year
EU-27,9.2091,3863410501,1990
EU-27,9.0315,3799887431,1991
EU-27,8.703,3672346741,1992
EU-27,8.5174,3603904230,1993
EU-27,8.4553,3585957609,1994
EU-27,8.5565,3635344870,1995
EU-27,8.7472,3720561292,1996
EU-27,8.5876,3654817833,1997
EU-27,8.5628,3645888158,1998
EU-27,8.424,3589873180,1999
EU-27,8.4366,3601248752,2000
EU-27,8.5488,3658645612,2001
EU-27,8.5218,3659455574,2002
EU-27,8.6844,3743619432,2003
EU-27,8.6771,3754793329,2004
EU-27,8.602,3735104915,2005
EU-27,8.5985,3744767167,2006
EU-27,8.4795,3702618047,2007
EU-27,8.2642,3616941593,2008
EU-27,7.5803,3324520113,2009
EU-27,7.7962,3425812691,2010
EU-27,7.5565,3326278691,2011
EU-27,7.3774,3252489906,2012
EU-27,7.1837,3171553700,2013
EU-27,6.8672,3035948316,2014
EU-27,6.9774,3088882320,2015
EU-27,6.983,3095704274,2016
EU-27,7.0278,3120028517,2017
EU-27,6.8523,3046088582,2018
EU-27,6.5389,2909710685,2019
EU-27,5.8362,2598575259,2020
Denmark,10.4206,53573406,1990
Denmark,12.452,64188666,1991
Denmark,11.2884,58379818,1992
Denmark,11.6796,60625621,1993
Denmark,12.4131,64688838,1994
Denmark,11.7725,61602249,1995
Denmark,14.2443,74851794,1996
Denmark,12.4014,65451195,1997
Denmark,11.5499,61219066,1998
Denmark,11.018,58635471,1999
Denmark,10.1647,54291739,2000
Denmark,10.429,55879240,2001
Denmark,10.3369,55537933,2002
Denmark,11.2543,60626347,2003
Denmark,10.1941,55076073,2004
Denmark,9.5001,51506467,2005
Denmark,10.9158,59428761,2006
Denmark,9.9921,54656001,2007
Denmark,9.3165,51219830,2008
Denmark,8.8333,48816007,2009
Denmark,8.8518,49170504,2010
Denmark,7.9196,44215177,2011
Denmark,7.1005,39840159,2012
Denmark,7.4042,41745896,2013
Denmark,6.6282,37543417,2014
Denmark,6.1884,35203694,2015
Denmark,6.4803,37011386,2016
Denmark,6.061,34743087,2017
Denmark,6.0277,34672351,2018
Denmark,5.3531,30897261,2019
Denmark,4.5224,26194912,2020
United States,20.2818,5113454675,1990
United States,19.8709,5057930940,1991
United States,20.1077,5167480847,1992
United States,20.2955,5267343060,1993
United States,20.4347,5358824048,1994
United States,20.4459,5421502465,1995
United States,20.9089,5610581589,1996
United States,20.9282,5686464995,1997
United States,20.8269,5731049595,1998
United States,20.839,5804668919,1999
United States,21.3357,6010508353,2000
United States,20.7474,5904881595,2001
United States,20.7003,5946770566,2002
United States,20.7437,6011837495,2003
United States,20.913,6114006880,2004
United States,20.7954,6134521473,2005
United States,20.324,6051668046,2006
United States,20.3953,6131004158,2007
United States,19.4872,5914077766,2008
United States,17.8847,5478209686,2009
United States,18.3676,5675786435,2010
United States,17.7807,5540173478,2011
United States,16.9998,5338698344,2012
United States,17.3017,5474256770,2013
United States,17.3306,5522807202,2014
United States,16.7408,5371770557,2015
United States,16.2469,5248023931,2016
United States,16.0197,5207751278,2017
United States,16.434,5375490614,2018
United States,15.972,5255816207,2019
United States,14.2379,4712770573,2020
China,2.1114,2484854820,1990
China,2.1847,2606096182,1991
China,2.263,2730787587,1992
China,2.3971,2921650956,1993
China,2.5203,3100002045,1994
China,2.706,3357908888,1995
China,2.7989,3503233703,1996
China,2.7814,3510169286,1997
China,2.6419,3360455433,1998
China,2.6144,3350340129,1999
China,2.6649,3439152210,2000
China,2.7056,3514933795,2001
China,2.9622,3872595297,2002
China,3.4555,4545013886,2003
China,3.9482,5223754656,2004
China,4.4159,5876555340,2005
China,4.8481,6488803816,2006
China,5.1847,6978611952,2007
China,5.5386,7496832207,2008
China,5.7939,7886532768,2009
China,6.295,8616652695,2010
China,6.9223,9528555734,2011
China,7.0623,9775621803,2012
China,7.1506,9952743755,2013
China,7.1353,9985583382,2014
China,7.0003,9848419740,2015
China,6.8742,9720444086,2016
China,6.9812,9920459189,2017
China,7.2077,10289989525,2018
China,7.3163,10489988555,2019
China,7.4117,10667887453,2020
Russia,17.1185,2525517951,1990
Russia,16.1911,2396204964,1991
Russia,13.205,1957886127,1992
Russia,12.5338,1859679401,1993
Russia,11.0659,1641616084,1994
Russia,10.8829,1613141141,1995
Russia,10.6767,1580375678,1996
Russia,9.9869,1475360211,1997
Russia,9.8966,1458367830,1998
Russia,10.1167,1486300503,1999
Russia,10.0493,1471259489,2000
Russia,10.3387,1507706569,2001
Russia,10.2998,1495693637,2002
Russia,10.5497,1525606991,2003
Russia,10.6239,1530694319,2004
Russia,10.7717,1547599053,2005
Russia,11.203,1606541855,2006
Russia,11.1998,1604549406,2007
Russia,11.4271,1636923059,2008
Russia,10.6676,1528961075,2009
Russia,11.2428,1613113034,2010
Russia,11.5878,1665206778,2011
Russia,11.6679,1680104359,2012
Russia,11.2206,1619419684,2013
Russia,11.2162,1622588593,2014
Russia,11.1949,1623099849,2015
Russia,11.1416,1618598940,2016
Russia,11.3135,1646456968,2017
Russia,11.6078,1691646718,2018
Russia,11.5132,1679449327,2019
Russia,10.8072,1577136041,2020
Australia,16.4714,279364842,1990
Australia,16.3981,281871548,1991
Australia,16.4538,286332153,1992
Australia,16.5495,291324678,1993
Australia,16.8601,300084261,1994
Australia,17.1189,308022587,1995
Australia,17.3911,316332223,1996
Australia,17.7901,327109554,1997
Australia,18.2222,338697079,1998
Australia,18.4477,346598867,1999
Australia,18.5252,351819599,2000
Australia,18.7789,360454654,2001
Australia,18.922,367112898,2002
Australia,19.0191,373233047,2003
Australia,19.4554,386766273,2004
Australia,19.2086,387601592,2005
Australia,19.3554,397294711,2006
Australia,19.2159,401925539,2007
Australia,19.2034,409653047,2008
Australia,18.4508,401321329,2009
Australia,18.2595,404533220,2010
Australia,17.9849,405343883,2011
Australia,17.5806,402665844,2012
Australia,16.907,393170619,2013
Australia,16.9201,399253746,2014
Australia,16.8507,403279411,2015
Australia,17.1434,415945172,2016
Australia,16.8704,414751197,2017
Australia,16.7081,416001157,2018
Australia,16.447,414516833,2019
Australia,15.3684,391891928,2020
United Kingdom,10.5076,600343890,1990
United Kingdom,10.62,608430640,1991
United Kingdom,10.3207,592883834,1992
United Kingdom,10.0454,578635270,1993
United Kingdom,9.9482,574640846,1994
United Kingdom,9.7798,566567960,1995
United Kingdom,10.1213,588187603,1996
United Kingdom,9.6443,562333177,1997
United Kingdom,9.7009,567600126,1998
United Kingdom,9.5563,561108555,1999
United Kingdom,9.6326,567585033,2000
United Kingdom,9.7475,576313538,2001
United Kingdom,9.4404,560066032,2002
United Kingdom,9.5947,571471921,2003
United Kingdom,9.5687,572903657,2004
United Kingdom,9.454,569962114,2005
United Kingdom,9.3318,567571938,2006
United Kingdom,9.0999,559236418,2007
United Kingdom,8.7617,544498125,2008
United Kingdom,7.861,493894854,2009
United Kingdom,8.0623,511631630,2010
United Kingdom,7.3327,469453672,2011
United Kingdom,7.5554,487516555,2012
United Kingdom,7.3462,477387488,2013
United Kingdom,6.7032,438540999,2014
United Kingdom,6.4127,422340107,2015
United Kingdom,6.0234,399337394,2016
United Kingdom,5.8082,387565181,2017
United Kingdom,5.6878,381889659,2018
United Kingdom,5.4644,369009693,2019
United Kingdom,4.8549,329578911,2020
Germany,13.3134,1052476835,1990
Germany,12.759,1014224521,1991
Germany,12.0792,965893262,1992
Germany,11.888,956132116,1993
Germany,11.6266,939814629,1994
Germany,11.5724,938968408,1995
Germany,11.7942,959151308,1996
Germany,11.4414,931324201,1997
Germany,11.3431,923356691,1998
Germany,11.0072,895874334,1999
Germany,11.0546,899852056,2000
Germany,11.2536,916648522,2001
Germany,11.0378,899971399,2002
Germany,11.0416,901151903,2003
Germany,10.865,887089127,2004
Germany,10.6209,866697224,2005
Germany,10.7806,878320430,2006
Germany,10.4779,851624329,2007
Germany,10.5461,854927145,2008
Germany,9.7688,790294719,2009
Germany,10.3053,832949108,2010
Germany,10.0082,809216919,2011
Germany,10.0526,813984654,2012
Germany,10.2428,831453838,2013
Germany,9.7309,792587770,2014
Germany,9.7278,795610215,2015
Germany,9.7415,800686632,2016
Germany,9.5076,785882918,2017
Germany,9.0721,754111607,2018
Germany,8.5184,711427809,2019
Germany,7.6901,644310352,2020
France,6.9352,392998429,1990
France,7.3292,417133786,1991
France,7.1216,406979372,1992
France,6.7573,387666505,1993
France,6.6165,381025934,1994
France,6.6776,385975389,1995
France,6.9365,402402889,1996
France,6.7887,395245277,1997
France,7.0821,413905746,1998
France,7.0105,411544213,1999
France,6.8779,405901062,2000
France,6.9132,410533356,2001
France,6.7891,406010421,2002
France,6.8371,411946138,2003
France,6.8066,413148836,2004
France,6.7984,415517543,2005
France,6.5968,405761299,2006
France,6.3913,395427663,2007
France,6.2369,387991843,2008
France,5.8941,368631190,2009
France,5.9888,376575652,2010
France,5.5951,353734944,2011
France,5.5996,355931515,2012
France,5.5958,357536915,2013
France,5.0766,325885736,2014
France,5.1186,329910376,2015
France,5.1584,333578746,2016
France,5.1971,336995589,2017
France,4.9603,322371888,2018
France,4.8508,315930736,2019
France,4.2381,276633893,2020
Indonesia,0.8284,150284643,1990
Indonesia,0.9785,180621138,1991
Indonesia,1.0844,203577157,1992
Indonesia,1.1515,219762164,1993
Indonesia,1.1492,222855120,1994
Indonesia,1.1503,226542578,1995
Indonesia,1.276,255067457,1996
Indonesia,1.3841,280733833,1997
Indonesia,1.0498,215970801,1998
Indonesia,1.1694,243950117,1999
Indonesia,1.2989,274726688,2000
Indonesia,1.4147,303341381,2001
Indonesia,1.43,310818287,2002
Indonesia,1.5453,340441487,2003
Indonesia,1.5424,344393729,2004
Indonesia,1.5422,348988697,2005
Indonesia,1.5119,346705556,2006
Indonesia,1.6708,388255228,2007
Indonesia,1.5556,366293293,2008
Indonesia,1.6845,401957338,2009
Indonesia,1.8688,451931468,2010
Indonesia,2.0593,504761970,2011
Indonesia,2.0991,521527856,2012
Indonesia,1.9701,496074375,2013
Indonesia,1.9558,498973167,2014
Indonesia,2.1343,551475340,2015
Indonesia,2.1443,560845982,2016
Indonesia,2.1733,575175792,2017
Indonesia,2.2972,614884277,2018
Indonesia,2.441,660593985,2019
Indonesia,2.1552,589500368,2020
Canada,16.6298,458007408,1990
Canada,16.1247,449699173,1991
Canada,16.4227,463521037,1992
Canada,16.2531,463993303,1993
Canada,16.5715,478267071,1994
Canada,16.8341,490951380,1995
Canada,17.211,506999620,1996
Canada,17.5265,521278446,1997
Canada,17.6199,528987104,1998
Canada,17.9434,543729999,1999
Canada,18.5218,566552294,2000
Canada,18.1037,559042165,2001
Canada,18.111,564669174,2002
Canada,18.4941,582343586,2003
Canada,18.254,580758769,2004
Canada,17.9035,575852411,2005
Canada,17.5618,571409763,2006
Canada,18.058,594665366,2007
Canada,17.3788,579367139,2008
Canada,16.1977,546610441,2009
Canada,16.3644,558804007,2010
Canada,16.4993,569870198,2011
Canada,16.301,569262731,2012
Canada,16.2537,573698737,2013
Canada,15.9981,570563417,2014
Canada,15.9066,573061376,2015
Canada,15.3799,559566962,2016
Canada,15.5004,569360436,2017
Canada,15.6299,579470372,2018
Canada,15.5673,582389608,2019
Canada,14.1969,535822990,2020
India,0.6625,578518195,1990
India,0.6911,615924923,1991
India,0.7215,656033132,1992
India,0.731,677916275,1993
India,0.7582,716917563,1994
India,0.7906,762120642,1995
India,0.8407,825918856,1996
India,0.8589,859686238,1997
India,0.8609,877698067,1998
India,0.9169,951748674,1999
India,0.9265,978919215,2000
India,0.9233,992560136,2001
India,0.9357,1023027203,2002
India,0.9533,1059616164,2003
India,0.9963,1125471265,2004
India,1.0334,1185953364,2005
India,1.0809,1259744276,2006
India,1.1479,1358152218,2007
India,1.2183,1462814598,2008
India,1.3244,1612816599,2009
India,1.3594,1677887585,2010
India,1.4238,1780129996,2011
India,1.5513,1963586045,2012
India,1.5903,2036937081,2013
India,1.6871,2185855918,2014
India,1.7315,2268567478,2015
India,1.7986,2382223220,2016
India,1.8181,2433855754,2017
India,1.922,2599805717,2018
India,1.9218,2625968148,2019
India,1.7694,2441792313,2020
South Africa,8.5046,312972667,1990
South Africa,8.6447,326069086,1991
South Africa,7.7928,301367423,1992
South Africa,8.0838,320391282,1993
South Africa,8.3479,338624941,1994
South Africa,8.7277,361639961,1995
South Africa,8.6095,363672943,1996
South Africa,8.9668,385459512,1997
South Africa,8.6377,377313339,1998
South Africa,8.4538,374830818,1999
South Africa,8.4117,378254856,2000
South Africa,8.1524,371516696,2001
South Africa,7.7216,356357408,2002
South Africa,8.6511,404173093,2003
South Africa,9.4959,449078688,2004
South Africa,8.6867,415924640,2005
South Africa,9.2107,446622588,2006
South Africa,9.4626,464800275,2007
South Africa,9.9367,494642254,2008
South Africa,9.9503,502259444,2009
South Africa,9.1167,466930008,2010
South Africa,9.1137,473948952,2011
South Africa,8.7283,461138966,2012
South Africa,8.4912,455865944,2013
South Africa,8.8117,480627936,2014
South Africa,8.1351,450571528,2015
South Africa,8.2688,464769069,2016
South Africa,8.1424,464198740,2017
South Africa,8.0321,464192622,2018
South Africa,8.1273,475922616,2019
South Africa,7.6204,451957087,2020
Brazil,1.4675,218658000,1990
Brazil,1.5127,229394000,1991
Brazil,1.5143,233601000,1992
Brazil,1.5576,244306000,1993
Brazil,1.5932,254002000,1994
Brazil,1.6583,268678000,1995
Brazil,1.7575,289311000,1996
Brazil,1.8357,306949000,1997
Brazil,1.8692,317359000,1998
Brazil,1.8991,327256000,1999
Brazil,1.9462,340183000,2000
Brazil,1.9536,346166000,2001
Brazil,1.937,347765000,2002
Brazil,1.8956,344645000,2003
Brazil,1.9642,361434000,2004
Brazil,1.9576,364371000,2005
Brazil,1.9603,368871000,2006
Brazil,2.0542,390573000,2007
Brazil,2.1488,412638000,2008
Brazil,2.0103,389775000,2009
Brazil,2.2496,440269000,2010
Brazil,2.342,462580000,2011
Brazil,2.5005,498309000,2012
Brazil,2.6484,532418000,2013
Brazil,2.7515,557901000,2014
Brazil,2.5889,529353000,2015
Brazil,2.3901,492748000,2016
Brazil,2.4094,500757715,2017
Brazil,2.3091,483685288,2018
Brazil,2.3018,485793146,2019
Brazil,2.1988,467383500,2020
Sweden,6.6973,57378338,1990
Sweden,6.6959,57752857,1991
Sweden,6.6187,57495155,1992
Sweden,6.578,57536238,1993
Sweden,6.8195,59999754,1994
Sweden,6.7238,59414424,1995
Sweden,7.1508,63349951,1996
Sweden,6.5681,58251198,1997
Sweden,6.6196,58721858,1998
Sweden,6.2951,55857374,1999
Sweden,6.1599,54709803,2000
Sweden,6.253,55637649,2001
Sweden,6.3456,56606994,2002
Sweden,6.3887,57188352,2003
Sweden,6.2844,56501179,2004
Sweden,5.9616,53884416,2005
Sweden,5.9039,53702639,2006
Sweden,5.7809,52970191,2007
Sweden,5.5094,50886839,2008
Sweden,5.0737,47252201,2009
Sweden,5.6577,53126353,2010
Sweden,5.2032,49257269,2011
Sweden,4.9015,46773851,2012
Sweden,4.7001,45205996,2013
Sweden,4.4712,43335944,2014
Sweden,4.4652,43602601,2015
Sweden,4.3983,43262009,2016
Sweden,4.3003,42593728,2017
Sweden,4.2215,42095408,2018
Sweden,4.0788,40936867,2019
Sweden,3.8255,38634794,2020
Norway,8.2636,35098000,1990
Norway,7.8558,33540000,1991
Norway,8.0295,34468000,1992
Norway,8.3414,36008000,1993
Norway,8.7327,37914000,1994
Norway,8.8212,38522000,1995
Norway,9.4678,41594000,1996
Norway,9.4465,41756000,1997
Norway,9.4177,41885000,1998
Norway,9.5319,42646000,1999
Norway,9.3726,42171000,2000
Norway,9.6254,43537000,2001
Norway,9.3759,42623000,2002
Norway,9.6304,44012000,2003
Norway,9.6466,44357000,2004
Norway,9.365,43382000,2005
Norway,9.4098,43972000,2006
Norway,9.6864,45714000,2007
Norway,9.3978,44837000,2008
Norway,8.964,43268000,2009
Norway,9.3529,45697000,2010
Norway,9.057,44817000,2011
Norway,8.8441,44342000,2012
Norway,8.7881,44639000,2013
Norway,8.7662,45078000,2014
Norway,8.7726,45616000,2015
Norway,8.5318,44800000,2016
Norway,8.3779,44372000,2017
Norway,8.3307,44469000,2018
Norway,7.9692,42865000,2019
Norway,7.615,41283000,2020
World,4.2702,22749574360,1990
World,4.292,23238102148,1991
World,4.1044,22569624280,1992
World,4.0855,22803495349,1993
World,4.0551,22964583359,1994
World,4.0831,23453944453,1995
World,4.1469,24154961206,1996
World,4.1152,24300550431,1997
World,4.0446,24206271270,1998
World,4.0432,24518962288,1999
World,4.1073,25234207250,2000
World,4.0899,25451054498,2001
World,4.1319,26039191477,2002
World,4.2885,27366723291,2003
World,4.4305,28627533033,2004
World,4.5249,29602777196,2005
World,4.6172,30583530081,2006
World,4.6962,31493741589,2007
World,4.7235,32069444008,2008
World,4.5987,31607042410,2009
World,4.7927,33343300453,2010
World,4.895,34468451046,2011
World,4.9079,34974075146,2012
World,4.893,35283025443,2013
World,4.8707,35534442952,2014
World,4.8097,35496406339,2015
World,4.7496,35452459298,2016
World,4.7595,35925737687,2017
World,4.8022,36646139785,2018
World,4.7582,36702502903,2019
World,4.4654,34807259099,2020
Vietnam,0.3133,21298647,1990
Vietnam,0.3078,21375535,1991
Vietnam,0.3028,21466459,1992
Vietnam,0.3161,22853002,1993
Vietnam,0.3553,26168861,1994
Vietnam,0.3831,28696697,1995
Vietnam,0.4497,34206458,1996
Vietnam,0.5771,44516863,1997
Vietnam,0.599,46791454,1998
Vietnam,0.5933,46889833,1999
Vietnam,0.6582,52600951,2000
Vietnam,0.7388,59654045,2001
Vietnam,0.8401,68499452,2002
Vietnam,0.924,76047699,2003
Vietnam,1.0564,87743442,2004
Vietnam,1.1296,94693883,2005
Vietnam,1.1655,98625742,2006
Vietnam,1.1749,100362015,2007
Vietnam,1.314,113326892,2008
Vietnam,1.4174,123442875,2009
Vietnam,1.5754,138585135,2010
Vietnam,1.7017,151230628,2011
Vietnam,1.5874,142552003,2012
Vietnam,1.6443,149220090,2013
Vietnam,1.8428,169006166,2014
Vietnam,2.0825,193003686,2015
Vietnam,2.0586,192765567,2016
Vietnam,2.0639,195249310,2017
Vietnam,2.3415,223717789,2018
Vietnam,2.6986,260312093,2019
Vietnam,2.6126,254303169,2020
Argentina,3.436,112079088,1990
Argentina,3.5523,117505744,1991
Argentina,3.6157,121230584,1992
Argentina,3.4671,117777485,1993
Argentina,3.5529,122229002,1994
Argentina,3.6684,127764859,1995
Argentina,3.8234,134762070,1996
Argentina,3.8601,137641464,1997
Argentina,3.8668,139451896,1998
Argentina,4.0388,147285131,1999
Argentina,3.861,142358347,2000
Argentina,3.5949,134003944,2001
Argentina,3.3011,124392348,2002
Argentina,3.5347,134631008,2003
Argentina,4.0799,157043391,2004
Argentina,4.1507,161434200,2005
Argentina,4.4441,174608992,2006
Argentina,4.3908,174245760,2007
Argentina,4.6932,188106000,2008
Argentina,4.4204,178949200,2009
Argentina,4.5661,186733136,2010
Argentina,4.6048,190273774,2011
Argentina,4.5914,191714848,2012
Argentina,4.506,190133373,2013
Argentina,4.4247,188657102,2014
Argentina,4.4667,192405960,2015
Argentina,4.3894,190977194,2016
Argentina,4.2744,187804729,2017
Argentina,4.0824,181099627,2018
Argentina,3.7419,167565587,2019
Argentina,3.4733,156978063,2020
Japan,9.3009,1158007407,1990
Japan,9.3628,1169691855,1991
Japan,9.4102,1179396064,1992
Japan,9.3259,1172339471,1993
Japan,9.7362,1227273012,1994
Japan,9.8098,1239619832,1995
Japan,9.8823,1251530853,1996
Japan,9.8097,1244781173,1997
Japan,9.4794,1204993482,1998
Japan,9.7514,1241611492,1999
Japan,9.9148,1264374642,2000
Japan,9.7857,1249766267,2001
Japan,10.0015,1279120141,2002
Japan,10.0538,1287467746,2003
Japan,10.0064,1282861601,2004
Japan,10.0554,1290371061,2005
Japan,9.8687,1267361874,2006
Japan,10.1416,1303134177,2007
Japan,9.5871,1232313730,2008
Japan,9.0484,1163212931,2009
Japan,9.4507,1214816233,2010
Japan,9.8434,1264866099,2011
Japan,10.1695,1306009842,2012
Japan,10.251,1315342658,2013
Japan,9.8599,1263728759,2014
Japan,9.5589,1223396445,2015
Japan,9.4215,1203717880,2016
Japan,9.3184,1188122842,2017
Japan,8.9893,1143457876,2018
Japan,8.7177,1105929335,2019
Japan,8.1499,1030775384,2020
South Korea,5.8359,250469067,1990
South Korea,6.3555,275656518,1991
South Korea,6.8425,300032947,1992
South Korea,7.4495,330271665,1993
South Korea,7.9392,355836406,1994
South Korea,8.4715,383696012,1995
South Korea,9.204,421094512,1996
South Korea,9.6369,445188245,1997
South Korea,8.1175,378444346,1998
South Korea,8.7414,410995617,1999
South Korea,9.298,440530735,2000
South Korea,9.5636,456245393,2001
South Korea,9.9332,476789310,2002
South Korea,10.0693,485954842,2003
South Korea,10.1508,492249170,2004
South Korea,10.2578,499564402,2005
South Korea,10.3212,504505722,2006
South Korea,10.664,522906312,2007
South Korea,10.858,534024939,2008
South Korea,10.9272,539230049,2009
South Korea,12.021,595589920,2010
South Korea,12.5447,624550333,2011
South Korea,12.5635,628935863,2012
South Korea,12.6285,635791455,2013
South Korea,12.4604,630594627,2014
South Korea,12.4985,635213614,2015
South Korea,12.5386,639258641,2016
South Korea,12.8335,655747114,2017
South Korea,13.125,671630709,2018
South Korea,12.6505,648024558,2019
South Korea,11.6562,597605055,2020
