year,ice_level,sea_level,temp
1990,6140000,-20.5539375000000000,0.45000000000000000000
1991,6470000,-16.0813600000000000,0.40500000000000000000
1992,7470000,-14.3818775000000000,0.21916666666666666667
1993,6400000,-21.1773225000000000,0.23416666666666666667
1994,7140000,-18.1936500000000000,0.31583333333333333333
1995,6080000,-12.3653275000000000,0.44583333333333333333
1996,7580000,-9.5154375000000000,0.32833333333333333333
1997,6690000,-3.0542900000000000,0.46416666666666666667
1998,6540000,-7.7311350000000000,0.61000000000000000000
1999,6120000,-2.4915175000000000,0.38500000000000000000
2000,6250000,-2.0624900000000000,0.39500000000000000000
2001,6730000,2.8977975000000000,0.53916666666666666667
2002,5830000,0.45752500000000000000,0.62750000000000000000
2003,6120000,7.7933200000000000,0.62000000000000000000
2004,5980000,8.6417425000000000,0.53583333333333333333
2005,5500000,9.1027550000000000,0.67583333333333333333
2006,5860000,12.4442850000000000,0.63750000000000000000
2007,4270000,12.7793950000000000,0.66333333333333333333
2008,4690000,22.4743550000000000,0.54333333333333333333
2009,5260000,27.5857750000000000,0.65916666666666666667
2010,4870000,36.1979200000000000,0.72333333333333333333
2011,4560000,36.1816725000000000,0.60666666666666666667
2012,3570000,42.3416275000000000,0.64500000000000000000
2013,5210000,42.0269000000000000,0.67666666666666666667
2014,5220000,49.9047000000000000,0.74583333333333333333
2015,4620000,52.1794325000000000,0.89666666666666666667
2016,4530000,56.3307100000000000,1.01500000000000000000
2017,4820000,55.1123900000000000,0.92166666666666666667
2018,4790000,52.0832725000000000,0.84916666666666666667
2019,4360000,60.9807400000000000,0.97750000000000000000
2020,3920000,65.9997400000000000,1.02083333333333333333
